บันทึก UART — การทดลองควบคุม C-1 รอบที่ 1
สภาพ: ยังไม่ได้ต่อสายวัดของ logic analyzer
วันที่: 10 ก.ย. 2026

เงื่อนไข firmware
  MY_TOF_USE_4X4      = 1   (โหมด 4x4 @ 60 Hz)
  MY_TOF_USE_INT      = 1
  MY_TOF_TIMING_MODE  = 1
  MY_TOF_FAST_READ    = 1   (แถว H ใน timing matrix)
  MY_TOF_DELAY_US     = 0
  MY_CAL_ENABLE       = 0
  นาฬิกา HSE 84 MHz

จุดประสงค์
  เก็บค่าฐานก่อนต่อสายวัด เพื่อเทียบว่าการจิ้มสายรบกวนบัส I2C หรือไม่
  ค่าที่สนใจคือ rd_us ซึ่งเป็นเวลาที่ใช้อ่านข้อมูลผ่าน I2C จริง
  วัดด้วย DWT ที่ 84 MHz ความละเอียด 12 นาโนวินาที

--------------------------------------------------------------------
T1 PASS: sensor ACK at 0x52
MY_TOF: init OK (4x4 @ 60 Hz, budget 10 ms, INT/async, delay 0 us, signal ON, read=direct, status=raw(5=valid), clk=HSE)
CLK,84000000
H,frame,rd_calls,rd_bytes,rd_us,max_bytes,max_us,uart_us,stream,delta,dup,skip
T,1,1,196,4512,196,4512,0,0,0,0,0
T,2,1,196,4512,196,4512,159,1,1,0,0
T,3,1,196,4512,196,4512,163,2,1,0,0
T,4,1,196,4512,196,4512,163,3,1,0,0
T,5,1,196,4513,196,4513,163,4,1,0,0
T,6,1,196,4512,196,4512,163,5,1,0,0
T,7,1,196,4512,196,4512,164,6,1,0,0
T,8,1,196,4512,196,4512,163,7,1,0,0
T,9,1,196,4512,196,4512,163,8,1,0,0
T,10,1,196,4512,196,4512,163,9,1,0,0
T,11,1,196,4512,196,4512,164,10,1,0,0
T,12,1,196,4512,196,4512,168,11,1,0,0
T,13,1,196,4513,196,4513,166,12,1,0,0
T,14,1,196,4512,196,4512,166,13,1,0,0
T,15,1,196,4512,196,4512,166,14,1,0,0
T,16,1,196,4512,196,4512,166,15,1,0,0
T,17,1,196,4512,196,4512,167,16,1,0,0
T,18,1,196,4513,196,4513,166,17,1,0,0
T,19,1,196,4512,196,4512,166,18,1,0,0
T,20,1,196,4512,196,4512,168,19,1,0,0
T,21,1,196,4512,196,4512,166,20,1,0,0
T,22,1,196,4512,196,4512,166,21,1,0,0
T,23,1,196,4512,196,4512,166,22,1,0,0
T,24,1,196,4512,196,4512,166,23,1,0,0
T,25,1,196,4512,196,4512,166,24,1,0,0
T,26,1,196,4512,196,4512,166,25,1,0,0
T,27,1,196,4513,196,4513,166,26,1,0,0
T,28,1,196,4512,196,4512,166,27,1,0,0
T,29,1,196,4512,196,4512,166,28,1,0,0
T,30,1,196,4512,196,4512,166,29,1,0,0
T,31,1,196,4512,196,4512,166,30,1,0,0
T,32,1,196,4513,196,4513,166,31,1,0,0
T,33,1,196,4512,196,4512,166,32,1,0,0
T,34,1,196,4512,196,4512,167,33,1,0,0
T,35,1,196,4512,196,4512,166,34,1,0,0
T,36,1,196,4512,196,4512,166,35,1,0,0
T,37,1,196,4512,196,4512,166,36,1,0,0
T,38,1,196,4512,196,4512,168,37,1,0,0
T,39,1,196,4512,196,4512,167,38,1,0,0
T,40,1,196,4512,196,4512,166,39,1,0,0
T,41,1,196,4512,196,4512,167,40,1,0,0
T,42,1,196,4512,196,4512,166,41,1,0,0
T,43,1,196,4512,196,4512,167,42,1,0,0
T,44,1,196,4513,196,4513,167,43,1,0,0
T,45,1,196,4512,196,4512,166,44,1,0,0
T,46,1,196,4512,196,4512,166,45,1,0,0
T,47,1,196,4512,196,4512,166,46,1,0,0
T,48,1,196,4512,196,4512,166,47,1,0,0
T,49,1,196,4512,196,4512,166,48,1,0,0
T,50,1,196,4512,196,4512,166,49,1,0,0
T,51,1,196,4512,196,4512,166,50,1,0,0
T,52,1,196,4513,196,4513,166,51,1,0,0
T,53,1,196,4512,196,4512,166,52,1,0,0
T,54,1,196,4512,196,4512,166,53,1,0,0
T,55,1,196,4512,196,4512,166,54,1,0,0
T,56,1,196,4512,196,4512,167,55,1,0,0
T,57,1,196,4512,196,4512,166,56,1,0,0
T,58,1,196,4512,196,4512,167,57,1,0,0
T,59,1,196,4512,196,4512,166,58,1,0,0
T,60,1,196,4512,196,4512,168,59,1,0,0
R,60,60,1012,0,0
T,61,1,196,4512,196,4512,166,60,1,0,0
T,62,1,196,4512,196,4512,166,61,1,0,0
T,63,1,196,4512,196,4512,168,62,1,0,0
T,64,1,196,4512,196,4512,166,63,1,0,0
--------------------------------------------------------------------

สรุปค่าที่ได้
  rd_calls  = 1
  rd_bytes  = 196
  rd_us     = 4512 ถึง 4513
  uart_us   = 159 ถึง 168
  delta     = 1 ทุกเฟรม
  dup       = 0
  skip      = 0
  R: 60 เฟรม / 1012 ms

หมายเหตุ
  บรรทัด R แรกหลัง boot รวมเวลาเริ่มระบบเข้าไปด้วย
  จึงเทียบกับหน้าต่างอื่นโดยตรงไม่ได้
