บันทึก UART — การทดลองควบคุม C-1 รอบที่ 2
สภาพ: ต่อสายวัดของ logic analyzer ครบ 4 เส้นแล้ว
วันที่: 10 ก.ย. 2026

การต่อสาย
  CH0 -> CN10 ขา 3  (PB8, SCL)
  CH1 -> CN10 ขา 5  (PB9, SDA)
  CH2 -> CN7  ขา 32 (PA4, INT)
  GND -> CN10 ขา 9

เงื่อนไข firmware เหมือนรอบที่ 1 ทุกประการ
  เปลี่ยนเพียงตัวแปรเดียวคือมีสายวัดต่ออยู่

--------------------------------------------------------------------
T,417,1,196,4512,196,4512,174,160,1,0,256
T,418,1,196,4512,196,4512,174,161,1,0,256
T,419,1,196,4512,196,4512,175,162,1,0,256
T,420,1,196,4513,196,4513,174,163,1,0,256
R,420,60,994,0,256
T,421,1,196,4512,196,4512,174,164,1,0,256
T,422,1,196,4512,196,4512,174,165,1,0,256
T,423,1,196,4512,196,4512,175,166,1,0,256
T,424,1,196,4512,196,4512,174,167,1,0,256
T,425,1,196,4512,196,4512,175,168,1,0,256
T,426,1,196,4512,196,4512,174,169,1,0,256
T,427,1,196,4512,196,4512,174,170,1,0,256
T,428,1,196,4512,196,4512,174,171,1,0,256
T,429,1,196,4512,196,4512,174,172,1,0,256
T,430,1,196,4512,196,4512,176,173,1,0,256
T,431,1,196,4512,196,4512,174,174,1,0,256
T,432,1,196,4512,196,4512,174,175,1,0,256
T,433,1,196,4512,196,4512,175,176,1,0,256
T,434,1,196,4513,196,4513,174,177,1,0,256
T,435,1,196,4512,196,4512,175,178,1,0,256
T,436,1,196,4512,196,4512,174,179,1,0,256
T,437,1,196,4512,196,4512,175,180,1,0,256
T,438,1,196,4512,196,4512,174,181,1,0,256
T,439,1,196,4512,196,4512,174,182,1,0,256
T,440,1,196,4512,196,4512,174,183,1,0,256
T,441,1,196,4512,196,4512,175,184,1,0,256
T,442,1,196,4512,196,4512,174,185,1,0,256
T,443,1,196,4512,196,4512,175,186,1,0,256
T,444,1,196,4512,196,4512,175,187,1,0,256
T,445,1,196,4512,196,4512,174,188,1,0,256
T,446,1,196,4512,196,4512,174,189,1,0,256
T,447,1,196,4512,196,4512,174,190,1,0,256
T,448,1,196,4513,196,4513,174,191,1,0,256
T,449,1,196,4512,196,4512,174,192,1,0,256
T,450,1,196,4513,196,4513,174,193,1,0,256
T,451,1,196,4512,196,4512,175,194,1,0,256
T,452,1,196,4512,196,4512,174,195,1,0,256
T,453,1,196,4512,196,4512,174,196,1,0,256
T,454,1,196,4512,196,4512,174,197,1,0,256
T,455,1,196,4512,196,4512,175,198,1,0,256
T,456,1,196,4512,196,4512,175,199,1,0,256
T,457,1,196,4512,196,4512,174,200,1,0,256
T,458,1,196,4512,196,4512,174,201,1,0,256
T,459,1,196,4512,196,4512,174,202,1,0,256
T,460,1,196,4512,196,4512,174,203,1,0,256
T,461,1,196,4512,196,4512,174,204,1,0,256
T,462,1,196,4512,196,4512,174,205,1,0,256
T,463,1,196,4512,196,4512,175,206,1,0,256
T,464,1,196,4512,196,4512,174,207,1,0,256
T,465,1,196,4512,196,4512,175,208,1,0,256
T,466,1,196,4512,196,4512,174,209,1,0,256
T,467,1,196,4512,196,4512,174,210,1,0,256
T,468,1,196,4512,196,4512,174,211,1,0,256
T,469,1,196,4513,196,4513,174,212,1,0,256
T,470,1,196,4512,196,4512,174,213,1,0,256
T,471,1,196,4512,196,4512,174,214,1,0,256
T,472,1,196,4512,196,4512,175,215,1,0,256
T,473,1,196,4512,196,4512,176,216,1,0,256
T,474,1,196,4512,196,4512,174,217,1,0,256
T,475,1,196,4512,196,4512,174,218,1,0,256
T,476,1,196,4512,196,4512,174,219,1,0,256
T,477,1,196,4512,196,4512,174,220,1,0,256
T,478,1,196,4512,196,4512,174,221,1,0,256
T,479,1,196,4512,196,4512,175,222,1,0,256
T,480,1,196,4512,196,4512,174,223,1,0,256
R,480,60,993,0,256
T,481,1,196,4512,196,4512,174,224,1,0,256
T,482,1,196,4512,196,4512,174,225,1,0,256
T,483,1,196,4512,196,4512,175,226,1,0,256
T,484,1,196,4512,196,4512,174,227,1,0,256
T,485,1,196,4513,196,4513,174,228,1,0,256
T,486,1,196,4512,196,4512,174,229,1,0,256
T,487,1,196,4512,196,4512,174,230,1,0,256
T,488,1,196,4512,196,4512,174,231,1,0,256
T,489,1,196,4512,196,4512,175,232,1,0,256
--------------------------------------------------------------------

การเปรียบเทียบกับรอบที่ 1

  ค่า        ไม่ต่อสายวัด    ต่อสาย 4 เส้น    ผล
  rd_us      4512 - 4513     4512 - 4513      ไม่เปลี่ยน
  rd_calls   1               1                ไม่เปลี่ยน
  rd_bytes   196             196              ไม่เปลี่ยน
  delta      1               1                ไม่เปลี่ยน
  dup        0               0                ไม่เปลี่ยน

ข้อสรุป
  rd_us ไม่เปลี่ยนแม้แต่ไมโครวินาทีเดียว
  วัดด้วย DWT ที่ 84 MHz ความละเอียด 12 นาโนวินาที
  ถ้าสายวัดถ่วงบัส ค่านี้ต้องเพิ่มขึ้นเพราะขอบสัญญาณช้าลง

  การจิ้มสายวัดไม่รบกวนบัส I2C ในระดับที่วัดได้

ค่าที่ต่างกัน และคำอธิบาย

  uart_us ต่างกันราว 10 ไมโครวินาที คือ 163-168 เทียบกับ 174-176
  ไม่เกี่ยวกับ I2C เพราะ UART เป็นคนละอุปกรณ์
  ข้อสังเกต รอบที่ 1 เป็นเฟรม 1 ถึง 64 ซึ่งเลขมี 1 ถึง 2 หลัก
  ส่วนรอบที่ 2 เป็นเฟรม 417 ถึง 489 ซึ่งเลขมี 3 หลัก
  ตัวอักษรที่ต้องส่งจึงมากกว่า
  เป็นข้อสังเกต ยังไม่ได้ตรวจยืนยัน

  บรรทัด R เทียบกันไม่ได้ เพราะรอบที่ 1 เป็นหน้าต่างแรกหลัง boot

  skip เท่ากับ 256 คงที่ ไม่เพิ่มขึ้นระหว่างการวัด
  เป็นค่าสะสมจากอดีต และภายหลังพบว่าเกิดจากบั๊กในการนับ
  ดูรายละเอียดในไฟล์ skip_bug_before.txt
